0.010
0.120
0.230
0.340
0.450
0.560
0.670
0.780
0.890
1.000
1.111
1.221
1.332
1.442
1.553
1.663
1.774
1.884
1.995
2.105
2.215
2.326
2.436
2.547
2.657
2.767
2.878
2.988
3.099
3.209
3.320
3.430
3.541
3.651
3.761
3.872
3.982
4.092
4.203
4.313
4.423
4.534
4.644
4.754
4.864
4.975
5.085
5.196
5.306
5.417
5.527
5.638
5.748
5.859
5.969
6.079
6.190
6.300
6.411
6.521
6.631
6.742
6.852
6.963
7.073
7.183
7.294
7.404
7.514
7.625
7.735
7.845
7.956
8.066
8.176
8.287
8.397
8.507
8.618
8.728
8.838
8.948
9.059
9.169
9.279
9.390
9.500
9.610
9.721
9.831
9.941
10.052
10.162
10.272
10.383
10.493
10.603
10.713
10.824
10.934
11.044
11.155
11.266
11.376
11.486
11.597
11.707
11.818
11.928
12.038
12.149
12.259
12.369
12.479
12.590
12.700
12.810
12.921
13.031
13.141
13.251
13.362
13.472
13.582
13.693
13.803
13.914
14.024
14.134
14.245
14.355
14.465
14.576
14.686
14.797
14.907
15.017
15.128
15.238
15.348
15.459
15.569
15.679
15.790
15.900
16.010
16.121
16.231
16.342
16.452
16.562
16.673
16.783
16.893
17.004
17.114
17.224
17.335
17.445
17.555
17.666
17.776
17.886
17.997
18.107
18.218
18.328
18.438
18.549
18.659
18.770
18.880
18.990
19.101
19.211
19.321
19.432
19.542
19.652
19.763
19.873
19.984
20.094
20.204
20.315
20.425
20.535
20.646
20.756
20.867
20.977
21.087
21.198
21.308
21.418
21.529
21.639
21.749
21.860
21.970
22.080
22.191
22.301
22.411
22.522
22.632
22.742
22.853
22.963
23.073
23.184
23.294
23.404
23.515
23.625
23.735
23.846
23.956
24.066
24.177
24.287
24.397
24.508
24.618
24.728
24.839
24.949
25.059
25.170
25.280
25.391
25.501
25.611
25.722
25.832
25.942
26.053
26.163
26.274
26.384
26.494
26.605
26.715
26.825
26.936
27.046
27.156
27.267
27.377
27.487
27.598
27.708
27.818
27.929
28.039
28.149
28.260
28.370
28.481
28.591
28.701
28.812
28.922
29.032
29.143
29.253
29.364
29.474
29.584
29.695
29.805
29.915
30.026
30.136
30.247
30.357
30.467
30.578
30.688
30.798
30.909
31.019
31.130
31.240
31.350
31.461
31.571
31.681
31.792
31.902
32.012
32.123
32.233
32.344
32.454
32.564
32.675
32.785
32.895
33.006
33.116
33.227
33.337
33.447
33.558
33.668
33.778
33.889
33.999
34.110
34.220
34.330
34.441
34.551
34.661
34.772
34.882
34.992
35.103
35.213
35.324
35.434
35.544
35.655
35.765
35.875
35.986
36.096
36.207
36.317
36.427
36.538
36.648
36.759
36.869
36.979
37.090
37.200
37.310
37.421
37.531
37.642
37.752
37.862
37.973
38.083
38.193
38.304
38.414
38.525
38.635
38.745
38.856
38.966
39.076
39.187
39.297
39.408
39.518
39.628
39.739
39.849
39.959
40.070
40.180
40.290
40.401
40.511
40.622
40.732
40.842
40.953
41.063
41.173
41.284
41.395
41.505
41.615
41.726
41.836
41.946
42.057
42.167
42.277
42.388
42.498
42.608
42.718
42.829
42.939
43.049
43.160
43.270
43.380
43.490
43.601
43.711
43.822
43.932
44.042
44.153
44.263
44.374
44.484
44.594
44.705
44.815
44.925
45.036
45.146
45.257
45.367
45.477
45.588
45.698
45.808
45.919
46.029
46.139
46.250
46.360
46.470
46.581
46.691
46.802
46.912
47.022
47.133
47.243
47.354
47.464
47.574
47.685
47.795
47.905
48.016
48.126
48.237
48.347
48.457
48.568
48.678
48.788
48.899
49.009
49.119
49.230
49.340
49.450
49.561
49.671
49.781
49.892
50.002
50.113
50.223
50.333
50.444
50.554
50.665
50.775
50.885
50.996
51.106
51.217
51.327
51.437
51.548
51.658
51.769
51.879
51.989
52.100
52.210
52.321
52.431
52.541
52.652
52.762
52.873
52.983
53.094
53.204
53.314
53.425
53.535
53.645
53.756
53.866
53.977
54.087
54.197
54.308
54.418
54.529
54.639
54.749
54.860
54.970
55.080
55.191
55.301
55.412
55.522
55.632
55.743
55.853
55.963
56.074
56.184
56.295
56.405
56.515
56.626
56.736
56.846
56.957
57.067
57.177
57.288
57.398
57.509
57.619
57.729
57.839
57.950
58.060
58.171
58.281
58.391
58.502
58.612
58.722
58.833
58.943
59.053
59.164
59.274
59.384
59.495
59.605
59.715
59.826
59.936
60.046
60.157
60.267
60.378
60.488
60.599
60.709
60.819
60.930
61.040
61.151
61.261
61.371
61.482
61.592
61.702
61.813
61.923
62.034
62.144
62.254
62.365
62.475
62.585
62.696
62.806
62.916
63.027
63.137
63.247
63.358
63.468
63.578
63.689
63.799
63.909
64.020
64.130
64.240
64.351
64.461
64.571
64.682
64.792
64.902
65.013
65.123
65.233
65.344
65.454
65.564
65.674
65.785
65.895
66.005
66.116
66.226
66.336
66.447
66.557
66.668
66.778
66.888
66.999
67.109
67.219
67.330
67.440
67.551
67.661
67.771
67.881
67.992
68.102
68.212
68.323
68.433
68.543
68.653
68.764
68.874
68.985
69.095
69.205
69.316
69.426
69.537
69.647
69.757
69.868
69.978
70.088
70.199
70.309
70.420
70.530
70.640
70.751
70.861
70.971
71.082
71.192
71.303
71.414
71.524
71.634
71.745
71.855
71.965
72.076
72.186
72.296
72.406
72.516
72.627
72.737
72.847
72.957
73.067
73.178
73.288
73.398
73.509
73.619
73.729
73.839
73.950
74.060
74.170
74.281
74.391
74.501
74.612
74.722
74.832
74.943
75.053
75.163
75.274
75.384
75.494
75.605
75.715
75.826
75.936
76.046
76.157
76.267
76.377
76.488
76.598
76.708
76.819
76.929
77.040
77.150
77.260
77.371
77.481
77.591
77.701
77.812
77.922
78.032
78.142
78.253
78.363
78.473
78.584
78.694
78.804
78.915
79.025
79.135
79.246
79.356
79.466
79.577
79.687
79.798
79.908
80.018
80.128
80.239
80.349
80.459
80.570
80.680
80.790
80.900
81.011
81.121
81.231
81.342
81.452
81.562
81.673
81.783
81.893
82.003
82.114
82.224
82.334
82.445
82.555
82.665
82.776
82.886
82.996
83.107
83.217
83.327
83.438
83.548
83.658
83.769
83.879
83.989
84.100
84.210
84.321
84.431
84.541
84.652
84.762
84.872
84.983
85.093
85.203
85.314
85.424
85.534
85.645
85.755
85.865
85.976
86.086
86.196
86.307
86.417
86.528
86.638
86.748
86.859
86.969
87.079
87.190
87.300
87.411
87.521
87.631
87.742
87.852
87.962
88.073
88.183
88.293
88.404
88.514
88.624
88.735
88.845
88.955
89.066
89.176
89.286
89.397
89.507
89.617
89.728
89.838
89.948
90.059
90.169
90.280
90.390
90.500
90.611
90.721
90.832
90.942
91.052
