0
0
2
5
7
10
13
15
18
20
23
25
28
30
33
36
38
39
42
45
47
49
51
54
56
58
61
62
63
66
68
70
72
74
76
78
79
81
83
85
87
88
91
92
94
96
98
99
101
102
104
105
107
108
111
112
113
115
116
117
118
120
122
123
124
126
126
129
129
131
133
134
135
136
137
139
140
141
142
143
143
145
146
148
149
149
151
152
153
154
155
156
157
159
159
159
161
162
163
164
165
166
167
168
169
169
170
171
171
172
173
174
175
176
177
178
178
178
179
181
181
182
182
183
184
184
185
186
187
187
188
189
189
192
192
192
192
193
192
193
195
195
195
196
197
197
198
198
199
200
200
200
200
201
201
203
203
203
204
204
205
205
205
206
206
207
207
207
207
209
209
209
210
211
211
211
211
212
212
213
213
213
214
214
215
215
215
216
216
216
215
216
218
217
218
218
218
218
219
220
220
220
220
221
221
221
222
222
221
222
223
224
224
224
224
224
224
224
224
225
225
225
225
227
226
226
226
227
227
227
227
227
228
227
228
228
228
228
229
230
230
230
230
230
230
231
230
230
231
230
231
232
231
231
232
231
231
232
232
232
233
233
233
233
233
233
233
234
233
234
234
234
235
235
235
235
235
235
235
235
235
235
236
235
236
235
235
236
236
236
237
237
237
236
237
237
237
237
237
238
237
238
238
238
238
238
238
238
239
238
239
239
239
239
240
239
239
239
239
240
239
240
240
240
240
239
240
240
240
240
240
240
240
240
241
240
240
240
241
241
241
240
241
241
241
241
241
241
242
242
241
241
242
242
241
241
242
241
242
241
241
241
242
242
241
242
243
242
242
242
243
242
242
242
242
242
243
243
242
243
242
243
243
243
242
243
243
243
243
243
243
243
243
243
243
243
243
243
243
243
243
243
243
244
243
240
237
234
232
230
228
225
222
220
217
215
213
210
208
206
204
201
199
197
195
193
192
188
186
185
182
180
178
177
176
173
171
169
167
165
164
161
160
159
157
155
153
152
151
148
147
146
143
143
141
139
137
136
135
134
131
131
129
127
126
124
123
121
120
119
118
117
116
115
113
112
111
110
108
108
106
105
104
103
102
100
100
98
97
96
96
94
94
92
91
90
89
89
88
86
85
84
84
83
82
81
80
79
79
78
77
77
75
75
74
73
72
71
70
70
70
68
67
67
66
65
65
63
63
63
62
61
60
60
59
58
58
57
57
56
56
55
54
54
54
52
52
52
51
51
50
49
50
49
48
48
48
47
46
45
45
45
44
43
43
43
43
42
41
41
40
40
39
39
39
39
38
38
37
38
37
36
36
35
35
35
35
33
34
33
32
32
32
31
31
31
30
30
30
30
30
29
29
29
28
28
28
28
27
27
26
27
26
25
25
25
25
25
24
24
24
24
23
23
23
22
22
22
22
22
21
21
20
20
21
20
20
20
20
19
19
19
19
18
18
18
18
18
18
17
18
17
16
17
16
16
16
16
16
16
15
15
15
15
15
15
14
14
15
14
14
14
14
14
14
14
13
13
12
13
12
12
12
12
12
12
12
12
12
11
12
11
11
11
11
10
10
11
11
11
10
11
10
9
9
10
9
9
9
9
9
10
9
9
9
9
9
9
8
9
8
8
9
9
8
8
8
8
7
7
7
8
7
7
7
7
7
7
7
7
6
6
7
6
7
7
6
6
6
6
6
7
6
6
6
6
6
5
6
6
5
6
6
6
5
5
5
5
6
5
5
5
5
4
5
5
4
5
4
4
5
5
4
4
4
4
4
5
4
5
4
4
4
4
4
4
4
3
4
3
4
3
4
4
3
3
3
4
3
3
4
4
3
3
3
3
3
3
3
3
3
3
3
3
3
3
