0.010 0
0.120 1
0.230 4
0.340 7
0.450 8
0.560 11
0.670 14
0.780 16
0.890 19
1.000 22
1.111 24
1.221 27
1.331 29
1.442 31
1.552 34
1.663 37
1.773 38
1.883 41
1.994 43
2.104 46
2.215 48
2.325 50
2.435 52
2.546 55
2.656 57
2.766 59
2.877 61
2.987 63
3.098 63
3.208 67
3.318 69
3.429 71
3.539 73
3.649 75
3.760 77
3.870 79
3.980 81
4.091 82
4.201 84
4.312 86
4.422 88
4.532 90
4.643 91
4.753 93
4.864 96
4.974 96
5.085 98
5.195 100
5.305 101
5.416 103
5.526 104
5.636 106
5.747 107
5.857 109
5.967 112
6.078 112
6.188 113
6.299 115
6.409 111
6.519 118
6.630 120
6.740 121
6.850 122
6.961 123
7.072 125
7.182 126
7.293 127
7.403 129
7.513 131
7.624 131
7.734 133
7.844 135
7.955 135
8.065 137
8.176 138
8.286 139
8.396 141
8.507 141
8.617 143
8.727 143
8.837 145
8.948 146
9.058 147
9.169 148
9.279 149
9.389 150
9.500 152
9.610 152
9.720 154
9.831 154
9.941 156
10.051 156
10.162 157
10.272 158
10.383 159
10.493 159
10.603 161
10.714 163
10.824 163
10.935 164
11.045 166
11.155 166
11.266 167
11.376 168
11.486 169
11.597 169
11.707 171
11.818 171
11.928 172
12.039 173
12.149 174
12.259 174
12.370 176
12.480 176
12.590 177
12.700 177
12.811 179
12.921 180
13.032 180
13.142 180
13.252 181
13.363 182
13.473 183
13.583 183
13.693 184
13.807 184
13.917 185
14.027 186
14.138 187
14.248 187
14.359 188
14.469 189
14.579 189
14.690 190
14.800 192
14.910 192
15.021 192
15.131 193
15.241 194
15.352 194
15.462 194
15.573 195
15.683 196
15.793 196
15.904 197
16.014 197
16.125 198
16.235 199
16.346 199
16.456 200
16.566 200
16.677 201
16.787 201
16.898 201
17.008 202
17.118 203
17.229 203
17.339 203
17.449 204
17.560 205
17.670 205
17.781 205
17.891 206
18.001 206
18.112 206
18.222 207
18.333 207
18.443 208
18.553 208
18.664 209
18.774 209
18.885 209
18.995 210
19.105 210
19.216 210
19.326 211
19.436 212
19.547 211
19.657 212
19.767 212
19.878 213
19.989 213
20.099 214
20.209 214
20.320 214
20.430 215
20.541 214
20.651 216
20.761 216
20.872 216
20.982 216
21.092 217
21.203 217
21.313 218
21.424 218
21.534 218
21.644 218
21.755 219
21.865 219
21.975 219
22.086 219
22.196 220
22.306 220
22.417 221
22.527 220
22.637 221
22.748 222
22.858 222
22.969 222
23.081 222
23.191 224
23.302 224
23.412 224
23.523 224
23.633 224
23.743 224
23.854 224
23.964 225
24.074 224
24.185 225
24.295 225
24.406 225
24.516 226
24.626 226
24.737 226
24.847 226
24.957 226
25.068 227
25.178 227
25.289 227
25.399 228
25.510 227
25.620 228
25.730 228
25.841 228
25.952 228
26.062 229
26.172 229
26.283 229
26.393 229
26.503 229
26.614 229
26.724 229
26.835 230
26.945 230
27.056 230
27.166 231
27.277 231
27.387 230
27.497 231
27.608 231
27.718 231
27.828 231
27.939 232
28.049 231
28.160 231
28.270 232
28.381 232
28.491 233
28.601 232
28.712 233
28.822 233
28.933 233
29.043 233
29.153 233
29.264 233
29.374 234
29.485 234
29.595 234
29.706 234
29.816 234
29.926 234
30.037 234
30.147 234
30.257 235
30.368 234
30.478 235
30.589 235
30.699 235
30.810 235
30.920 235
31.030 235
31.141 235
31.251 236
31.361 236
31.472 236
31.582 236
31.692 236
31.803 237
31.913 236
32.024 236
32.134 236
32.244 237
32.355 237
32.465 237
32.576 237
32.686 237
32.797 237
32.907 237
33.017 238
33.128 238
33.238 237
33.349 237
33.459 238
33.569 238
33.680 239
33.790 238
33.901 239
34.011 238
34.121 238
34.232 238
34.342 238
34.452 239
34.563 239
34.673 239
34.784 240
34.894 239
35.004 240
35.114 239
35.225 240
35.335 239
35.445 240
35.556 240
35.666 240
35.776 240
35.887 240
35.997 240
36.107 240
36.218 240
36.328 240
36.438 240
36.548 240
36.659 241
36.769 240
36.880 240
36.990 240
37.100 240
37.211 241
37.321 241
37.432 240
37.542 241
37.652 241
37.763 241
37.873 241
37.983 241
38.094 241
38.204 241
38.315 241
38.425 241
38.535 242
38.646 241
38.756 241
38.866 242
38.977 241
39.087 241
39.197 241
39.308 241
39.418 242
39.528 242
39.638 242
39.749 241
39.859 242
39.970 242
40.080 242
40.190 242
40.301 242
40.411 242
40.521 242
40.632 242
40.743 242
40.853 242
40.964 243
41.074 242
41.184 242
41.295 242
41.405 243
41.515 242
41.626 242
41.736 242
41.847 242
41.957 243
42.068 242
42.178 243
42.289 242
42.399 243
42.509 243
42.620 243
42.730 243
42.840 243
42.951 243
43.061 242
43.172 243
43.282 243
43.393 243
43.503 243
43.613 243
43.724 243
43.834 243
43.944 244
44.055 242
44.165 240
44.275 237
44.386 235
44.496 232
44.606 230
44.717 227
44.827 225
44.937 222
45.048 220
45.158 217
45.268 216
45.379 212
45.489 210
45.599 207
45.710 205
45.820 204
45.930 201
46.041 200
46.151 197
46.262 195
46.372 192
46.482 192
46.593 188
46.703 186
46.814 184
46.924 182
47.034 180
47.145 178
47.255 176
47.366 173
47.477 172
47.587 171
47.698 168
47.808 167
47.919 165
48.029 164
48.139 162
48.250 159
48.360 158
48.470 157
48.581 155
48.691 154
48.801 151
48.912 150
49.022 148
49.132 147
49.243 145
49.353 143
49.463 142
49.574 140
49.684 140
49.794 137
49.905 136
50.015 135
50.126 133
50.236 132
50.346 130
50.457 129
50.567 128
50.677 126
50.787 124
50.898 123
51.008 122
51.118 121
51.229 120
51.339 118
51.449 117
51.560 116
51.670 114
51.780 114
51.891 112
52.001 111
52.111 110
52.221 108
52.332 107
52.442 106
52.553 104
52.663 104
52.773 102
52.884 101
52.994 101
53.105 99
53.215 98
53.325 97
53.436 96
53.546 96
53.656 94
53.767 93
53.877 92
53.987 91
54.098 90
54.209 89
54.319 88
54.430 87
54.540 86
54.650 85
54.761 85
54.871 84
54.982 82
55.092 82
55.202 81
55.313 80
55.423 79
55.533 78
55.644 78
55.754 77
55.864 76
55.975 76
56.085 74
56.196 74
56.306 73
56.416 72
56.527 71
56.637 70
56.747 70
56.858 69
56.968 68
57.079 67
57.189 67
57.299 66
57.410 65
57.520 63
57.630 63
57.741 63
57.851 63
57.962 61
58.072 61
58.182 60
58.292 60
58.403 59
58.513 59
58.623 58
58.734 58
58.844 57
58.955 56
59.065 56
59.175 55
59.285 55
59.396 54
59.506 53
59.616 53
59.727 52
59.837 51
59.947 51
60.058 50
60.168 50
60.279 50
60.389 49
60.499 48
60.610 48
60.720 48
60.831 47
60.941 47
61.051 46
61.162 45
61.272 45
61.382 44
61.493 44
61.603 43
61.713 43
61.824 43
61.934 42
62.044 42
62.155 41
62.265 41
62.376 41
62.486 41
62.596 39
62.707 39
62.817 39
62.928 39
63.038 38
63.148 38
63.259 37
63.369 36
63.479 36
63.590 36
63.700 36
63.810 35
63.921 35
64.031 34
64.142 35
64.252 34
64.362 33
64.473 33
64.583 33
64.693 33
64.804 31
64.914 31
65.025 31
65.135 31
65.245 30
65.356 31
65.466 30
65.576 30
65.687 29
65.797 29
65.908 29
66.018 28
66.128 28
66.239 27
66.349 28
66.459 28
66.570 27
66.680 27
66.791 26
66.901 26
67.011 26
67.122 26
67.232 25
67.342 25
67.453 25
67.563 25
67.673 24
67.784 24
67.894 24
68.005 24
68.115 23
68.225 23
68.336 22
68.446 23
68.556 23
68.667 22
68.777 22
68.887 22
68.998 21
69.108 21
69.219 21
69.329 21
69.439 21
69.550 21
69.660 20
69.770 20
69.881 19
69.991 19
70.101 19
70.212 19
70.322 18
70.433 19
70.543 18
70.653 18
70.764 18
70.874 18
70.985 18
71.095 18
71.206 17
71.316 17
71.426 17
71.537 17
71.647 17
71.758 17
71.868 15
71.978 16
72.089 15
72.199 16
72.310 15
72.421 15
72.531 15
72.641 15
72.752 15
72.862 15
72.973 15
73.084 14
73.195 15
73.305 14
73.416 14
73.526 14
73.636 14
73.748 14
73.858 14
73.969 13
74.079 14
74.190 13
74.300 12
74.410 13
74.521 12
74.631 13
74.741 12
74.852 12
74.963 11
75.073 12
75.183 12
75.293 12
75.403 12
75.513 11
75.623 12
75.733 12
75.844 11
75.954 11
76.065 11
76.175 11
76.285 11
76.396 11
76.506 10
76.616 11
76.727 10
76.837 10
76.948 10
77.058 10
77.168 10
77.279 10
77.389 9
77.499 9
77.610 9
77.720 10
77.831 9
77.941 9
78.052 9
78.162 9
78.273 9
78.383 9
78.493 9
78.604 8
78.714 8
78.825 8
78.935 8
79.045 8
79.156 8
79.266 8
79.376 8
79.486 7
79.597 7
79.707 7
79.817 7
79.928 7
80.038 8
80.148 8
80.258 7
80.369 7
80.481 7
80.591 7
80.701 7
80.812 7
80.922 7
81.033 7
81.143 7
81.253 7
81.364 7
81.474 7
81.585 7
81.695 6
81.805 7
81.916 7
82.026 6
82.137 7
82.247 6
82.357 6
82.468 6
82.578 6
82.688 6
82.799 6
82.909 6
83.020 5
83.130 5
83.241 5
83.351 5
83.461 5
83.572 5
83.682 5
83.793 6
83.903 6
84.013 5
84.124 5
84.234 5
84.344 5
84.455 5
84.565 6
84.675 5
84.786 5
84.896 5
85.007 5
85.117 5
85.227 4
85.338 5
85.448 5
85.558 5
85.669 5
85.779 4
85.890 4
86.000 4
86.110 5
86.221 4
86.331 4
86.441 5
86.552 5
86.662 4
86.773 4
86.883 3
86.993 3
87.104 4
87.215 4
87.326 4
87.436 4
87.546 3
87.657 4
87.767 3
87.878 4
87.988 4
88.099 3
88.209 4
88.319 3
88.430 3
88.540 3
88.651 3
88.761 3
88.871 3
88.982 3
89.092 4
89.203 3
89.313 4
89.423 3
89.534 3
89.644 3
89.755 3
89.865 3
89.975 3
90.086 3
90.196 3
90.307 3
90.417 3
90.527 3
90.638 3
90.748 3
90.859 3
